478 1409
477 5011
476 6641
475 1948
474 1983
473 8471
472 6711
471 4704
470 8509
469 2448
468 8451
467 4969
466 8179
465 6600
464 3728
463 6582
462 5797
461 6183
460 9302
459 8212
458 3758
457 2411
456 4611
455 1580
454 6187
453 7546
452 6468
451 7253
450 888
449 613
448 6593
447 6367
446 8458
445 8804
444 104
443 5981
442 7919
441 1487
440 9548
439 4644
438 7393
437 6561
436 762
435 7585
434 2665
433 5576
432 6023
431 8099
430 1257
429 6068
419 367
418 1078
417 2212
416 7734
415 895
414 3509
413 7152
412 9925
411 1708
410 1115
