479 7654
480 610
481 6361
482 1409
483 5794
484 7922
485 1580
486 3742
487 9846
469 2448
470 8509
471 4704
472 6711
473 8471
474 1983
475 1948
476 6641
477 5011
478 1409
459 8212
460 9302
461 6183
462 5797
463 6582
464 3728
465 6600
466 8179
467 4969
468 8451
449 613
450 888
451 7253
452 6468
453 7546
454 6187
455 1580
456 4611
457 2411
458 3758
439 4644
440 9548
441 1487
442 7919
443 5981
444 104
445 8804
446 8458
447 6367
448 6593
429 6068
430 1257
431 8099
432 6023
433 5576
434 2665
435 7585
436 762
437 6561
438 7393
420 8033
421 4793
422 9296
423 7229
424 7340
425 7864
426 7083
427 3033
428 4409
410 1115
411 1708
412 9925
413 7152
414 3509
415 895
416 7734
417 2212
418 1078
419 367
401 8538
402 8913
403 9342
404 1062
405 9370
406 8182
407 4904
408 7839
409 694
391 5384
392 9429
393 2662
394 5469
395 8443
396 5727
397 1701
398 3360
399 9949
382 3699
383 9157
384 6842
385 777
386 708
387 9611
388 6553
389 3366
390 119
372 5325
373 1129
374 4905
375 1088
376 3279
377 5397
378 2705
379 30
380 1663
362 666
363 3367
364 8101
365 8940
366 799
367 386
368 2974
369 4636
370 5571
371 71
352 9031
353 4148
354 1701
355 8
356 3327
357 8164
358 8901
359 8656
360 6100
361 8820
343 8481
344 6324
345 808
346 3843
347 5915
348 8981
349 5653
350 757
351 8796
335 5921
336 5052
337 1617
338 4473
339 6543
340 1439
341 8242
342 212
326 9295
327 8349
328 6531
329 9386
330 4881
331 5170
332 493
333 997
334 6116
316 1232
317 5111
318 2218
319 2152
320 7624
321 2690
322 1670
323 7497
324 1148
325 1148
307 5975
308 2661
309 6514
310 379
311 504
312 9768
313 8432
314 9094
315 6267
299 5279
300 9746
301 7001
302 6110
303 575
304 3412
305 6089
290 1160
291 3283
292 5972
293 8987
294 9682
295 5769
296 4337
297 6233
298 3851
280 944
281 465
282 5675
283 7805
284 7752
285 7732
286 9364
287 6517
288 3087
289 1928
271 1264
272 5437
273 6506
274 658
275 3283
276 4702
277 4004
278 6152
279 6903
262 4959
263 7025
264 1422
265 6025
266 4856
267 6194
268 7452
269 9730
270 9187
253 610
254 6040
255 2148
256 4535
257 8106
255 2148
259 1013
260 1909
261 7382
243 7778
244 6153
245 2244
246 4987
247 4030
248 1358
249 8256
250 5264
251 4523
252 8030
233 8573
234 6203
235 7715
236 5021
237 3508
238 4107
239 8048
240 2735
241 4863
242 9467
223 3306
224 7029
225 6844
226 995
227 1216
228 5025
229 4483
230 4104
231 7284
232 5003
213 3938
214 9668
215 4786
216 4063
217 5905
218 9132
219 5434
220 3864
221 2472
222 6948
203 1144
204 9327
205 2413
206 4772
207 4794
208 9518
209 4803
210 1518
211 1891
212 4934
195 7676
196 7631
197 1290
198 4121
199 7734
200 6371
201 8692
202 462
186 7496
187 5734
188 9770
189 1845
190 3008
191 6227
192 4530
193 8013
194 6397
176 404
177 9691
178 2577
179 6754
180 648
181 1833
182 3965
183 1176
184 4954
185 7418
166 5880
167 5850
168 7022
169 6430
170 895
171 5541
172 2926
173 3218
174 1056
175 998
156 4247
157 6354
158 8662
159 6955
160 5952
161 718
162 454
163 8554
164 4707
165 4424
147 1497
148 647
149 5458
150 3567
151 6453
152 6546
153 5103
154 9196
155 3567
138 163
139 5070
140 2208
141 8811
142 6694
143 5817
144 381
145 7870
146 7042
129 6828
130 2694
131 9645
132 2471
133 5339
134 69
135 6164
136 4827
137 6636
120 3525
121 6015
122 8514
123 7659
124 6966
125 8736
126 5053
127 7305
128 8613
110 115
111 4588
112 669
113 3345
114 8347
115 2417
116 5438
117 5652
118 230
119 5848
101 5071
102 6398
103 1806
104 7803
105 1371
106 3425
107 9523
108 8412
109 8269
